1 0.041667 0.597801 0.083333 0.075231
2 0.041667 0.881944 0.083333 0.039352
3 0.247396 0.425926 0.328125 0.268519
1 0.123698 0.597801 0.080729 0.075231
2 0.123698 0.881944 0.080729 0.039352
1 0.202474 0.673611 0.076823 0.076389
0 0.494792 0.024306 0.166667 0.048611
1 0.458008 0.950810 0.093099 0.098380
1 0.541341 0.950810 0.073568 0.098380
0 0.763021 0.024306 0.214844 0.048611
1 0.718424 0.081019 0.125651 0.064815
1 0.718424 0.157407 0.125651 0.087963
1 0.935221 0.477431 0.129557 0.056713
0 0.935221 0.673611 0.129557 0.076389
0 0.935221 0.767361 0.129557 0.111111
