1 0.062826 0.227431 0.125651 0.070602
1 0.062826 0.573495 0.125651 0.052083
1 0.062826 0.726852 0.125651 0.046296
0 0.450521 0.045718 0.083333 0.091435
1 0.450521 0.141782 0.083333 0.100694
0 0.541992 0.141782 0.099609 0.100694
3 0.746094 0.677662 0.507812 0.260417
1 0.644531 0.177083 0.105469 0.171296
1 0.737956 0.141782 0.081380 0.100694
1 0.841146 0.141782 0.125000 0.100694
1 0.841146 0.227431 0.125000 0.070602
2 0.841146 0.948495 0.125000 0.103009
0 0.951823 0.141782 0.096354 0.100694
1 0.951823 0.289931 0.096354 0.054398
0 0.951823 0.852431 0.096354 0.089120
