2 0.054688 0.017940 0.109375 0.035880
1 0.054688 0.190394 0.109375 0.100694
0 0.054688 0.566551 0.109375 0.047454
2 0.054688 0.787616 0.109375 0.045139
2 0.224609 0.787616 0.230469 0.045139
2 0.160807 0.848380 0.102865 0.076389
0 0.320964 0.017940 0.217448 0.035880
1 0.536784 0.017940 0.087891 0.035880
3 0.746419 0.676505 0.507161 0.267361
0 0.632161 0.943287 0.102865 0.113426
1 0.765625 0.017940 0.164062 0.035880
0 0.795247 0.943287 0.104818 0.113426
2 0.923828 0.500579 0.152344 0.084491
0 0.923828 0.848380 0.152344 0.076389
1 0.923828 0.943287 0.152344 0.113426
