2 0.048177 0.056713 0.096354 0.113426
1 0.048177 0.167245 0.096354 0.107639
2 0.048177 0.644676 0.096354 0.062500
0 0.048177 0.722801 0.096354 0.093750
1 0.160156 0.056713 0.127604 0.113426
0 0.370443 0.056713 0.054688 0.113426
2 0.446940 0.056713 0.098307 0.113426
2 0.446940 0.167245 0.098307 0.107639
0 0.446940 0.307870 0.098307 0.173611
1 0.446940 0.942708 0.098307 0.114583
0 0.726888 0.056713 0.113932 0.113426
2 0.948568 0.261574 0.102865 0.081019
1 0.948568 0.722801 0.102865 0.093750
2 0.948568 0.884838 0.102865 0.230324
