1 0.029297 0.029514 0.058594 0.059028
2 0.029297 0.161458 0.058594 0.049769
1 0.029297 0.212384 0.058594 0.052083
0 0.029297 0.706597 0.058594 0.100694
2 0.029297 0.878472 0.058594 0.243056
2 0.084961 0.029514 0.052734 0.059028
0 0.084961 0.706597 0.052734 0.100694
1 0.154297 0.706597 0.085938 0.100694
0 0.476562 0.934606 0.115885 0.130787
1 0.570312 0.029514 0.071615 0.059028
1 0.570312 0.097801 0.071615 0.077546
1 0.570312 0.934606 0.071615 0.130787
0 0.664714 0.097801 0.117188 0.077546
0 0.948242 0.271991 0.103516 0.067130
0 0.948242 0.706597 0.103516 0.100694
