1 0.035156 0.118634 0.070312 0.091435
2 0.035156 0.280671 0.070312 0.054398
0 0.035156 0.515046 0.070312 0.078704
1 0.035156 0.687500 0.070312 0.062500
0 0.035156 0.769676 0.070312 0.101852
0 0.035156 0.910301 0.070312 0.179398
0 0.132487 0.036458 0.124349 0.072917
1 0.132487 0.868056 0.124349 0.094907
2 0.257812 0.036458 0.126302 0.072917
2 0.257812 0.118634 0.126302 0.091435
1 0.257812 0.208912 0.126302 0.089120
1 0.257812 0.957755 0.126302 0.084491
1 0.352539 0.082176 0.063151 0.164352
1 0.352539 0.208912 0.063151 0.089120
2 0.352539 0.280671 0.063151 0.054398
0 0.733724 0.036458 0.108073 0.072917
2 0.733724 0.118634 0.108073 0.091435
0 0.828451 0.957755 0.081380 0.084491
2 0.934570 0.335648 0.130859 0.055556
0 0.934570 0.605324 0.130859 0.101852
