1 0.051107 0.410301 0.102214 0.072917
0 0.051107 0.949074 0.102214 0.101852
0 0.142253 0.085648 0.080078 0.171296
2 0.142253 0.410301 0.080078 0.072917
0 0.142253 0.549190 0.080078 0.204861
1 0.225911 0.085648 0.087240 0.171296
3 0.488932 0.562500 0.438802 0.377315
1 0.329427 0.949074 0.119792 0.101852
1 0.596029 0.085648 0.060547 0.171296
2 0.667318 0.085648 0.082031 0.171296
2 0.754557 0.034144 0.092448 0.068287
0 0.935221 0.034144 0.129557 0.068287
2 0.935221 0.595486 0.129557 0.112269
0 0.935221 0.920139 0.129557 0.159722
