2 0.031901 0.521991 0.063802 0.064815
1 0.031901 0.737269 0.063802 0.078704
1 0.031901 0.966435 0.063802 0.067130
3 0.294271 0.330440 0.460938 0.318287
2 0.216471 0.966435 0.097005 0.067130
1 0.314779 0.034722 0.099609 0.069444
1 0.314779 0.120370 0.099609 0.101852
2 0.394206 0.966435 0.059245 0.067130
2 0.474284 0.966435 0.100911 0.067130
1 0.689453 0.902778 0.218750 0.060185
2 0.644857 0.966435 0.129557 0.067130
2 0.754232 0.966435 0.089193 0.067130
0 0.843099 0.034722 0.088542 0.069444
1 0.843099 0.120370 0.088542 0.101852
2 0.943685 0.155671 0.112630 0.172454
1 0.943685 0.594907 0.112630 0.081019
1 0.943685 0.854745 0.112630 0.156250
