2 0.046549 0.421875 0.093099 0.167824
1 0.046549 0.595486 0.093099 0.107639
2 0.094727 0.896412 0.189453 0.063657
3 0.338542 0.312500 0.490885 0.458333
1 0.141276 0.595486 0.096354 0.107639
0 0.141276 0.964120 0.096354 0.071759
1 0.549805 0.964120 0.068359 0.071759
1 0.620443 0.041667 0.072917 0.083333
0 0.620443 0.131366 0.072917 0.096065
0 0.813802 0.964120 0.054688 0.071759
0 0.920573 0.421875 0.158854 0.167824
0 0.920573 0.523727 0.158854 0.035880
1 0.920573 0.720486 0.158854 0.056713
2 0.920573 0.806713 0.158854 0.115741
