0 0.053060 0.131366 0.106120 0.114583
0 0.053060 0.616319 0.106120 0.047454
0 0.053060 0.677083 0.106120 0.074074
1 0.053060 0.770833 0.106120 0.113426
0 0.151693 0.037037 0.091146 0.074074
1 0.151693 0.770833 0.091146 0.113426
0 0.444010 0.037037 0.091146 0.074074
0 0.444010 0.131366 0.091146 0.114583
1 0.554362 0.131366 0.129557 0.114583
1 0.604492 0.213542 0.229818 0.049769
0 0.554362 0.272569 0.129557 0.068287
0 0.669271 0.131366 0.100260 0.114583
1 0.669271 0.272569 0.100260 0.068287
1 0.748698 0.037037 0.058594 0.074074
2 0.958659 0.131366 0.082682 0.114583
1 0.958659 0.770833 0.082682 0.113426
