2 0.051758 0.041088 0.103516 0.082176
0 0.051758 0.461227 0.103516 0.054398
1 0.051758 0.622106 0.103516 0.063657
0 0.051758 0.724537 0.103516 0.141204
1 0.132487 0.295718 0.057943 0.063657
1 0.170247 0.622106 0.133464 0.063657
1 0.199219 0.041088 0.075521 0.082176
0 0.199219 0.295718 0.075521 0.063657
0 0.349284 0.461227 0.082682 0.054398
3 0.531250 0.692130 0.446615 0.407407
1 0.417969 0.041088 0.054688 0.082176
1 0.376628 0.107639 0.137370 0.050926
2 0.507812 0.107639 0.125000 0.050926
0 0.480469 0.947917 0.179688 0.104167
2 0.616536 0.107639 0.092448 0.050926
2 0.708659 0.041088 0.091797 0.082176
2 0.903320 0.223380 0.193359 0.081019
0 0.903320 0.461227 0.193359 0.054398
1 0.903320 0.947917 0.193359 0.104167
