2 0.028646 0.078125 0.057292 0.047454
0 0.028646 0.645255 0.057292 0.216435
0 0.028646 0.850116 0.057292 0.084491
0 0.122070 0.027199 0.129557 0.054398
0 0.122070 0.078125 0.129557 0.047454
1 0.122070 0.125579 0.129557 0.047454
3 0.490234 0.515046 0.606771 0.476852
0 0.359049 0.027199 0.113932 0.054398
0 0.359049 0.078125 0.113932 0.047454
1 0.828776 0.946181 0.070312 0.107639
1 0.968424 0.508102 0.063151 0.057870
1 0.968424 0.590278 0.063151 0.106481
2 0.968424 0.698495 0.063151 0.109954
0 0.968424 0.780671 0.063151 0.054398
