0 0.063477 0.028356 0.126953 0.056713
1 0.063477 0.094907 0.126953 0.076389
0 0.063477 0.321181 0.126953 0.112269
0 0.063477 0.473958 0.126953 0.089120
0 0.160482 0.094907 0.067057 0.076389
0 0.491211 0.028356 0.119141 0.056713
0 0.491211 0.938657 0.119141 0.122685
0 0.603190 0.028356 0.104818 0.056713
2 0.603190 0.094907 0.104818 0.076389
0 0.603190 0.938657 0.104818 0.122685
1 0.958659 0.140046 0.082682 0.166667
1 0.958659 0.321181 0.082682 0.112269
1 0.958659 0.725116 0.082682 0.098380
2 0.958659 0.853009 0.082682 0.048611
