0 0.037435 0.227431 0.074870 0.052083
2 0.037435 0.484375 0.074870 0.107639
1 0.037435 0.587384 0.074870 0.098380
1 0.037435 0.749421 0.074870 0.084491
0 0.109049 0.954282 0.068359 0.091435
1 0.199219 0.048032 0.111979 0.096065
0 0.283854 0.048032 0.057292 0.096065
0 0.529297 0.587384 0.102865 0.098380
0 0.529297 0.671875 0.102865 0.070602
0 0.529297 0.749421 0.102865 0.084491
1 0.637695 0.074074 0.113932 0.148148
1 0.728841 0.048032 0.068359 0.096065
1 0.881510 0.048032 0.236979 0.096065
2 0.881510 0.174769 0.236979 0.053241
2 0.881510 0.295139 0.236979 0.083333
1 0.881510 0.533565 0.236979 0.206019
0 0.881510 0.671875 0.236979 0.070602
