1 0.054036 0.162037 0.108073 0.097222
0 0.054036 0.303819 0.108073 0.052083
1 0.054036 0.443866 0.108073 0.091435
2 0.054036 0.718750 0.108073 0.104167
0 0.222982 0.056713 0.077474 0.113426
0 0.222982 0.918981 0.077474 0.162037
0 0.320312 0.056713 0.117188 0.113426
2 0.281576 0.162037 0.194661 0.097222
0 0.410807 0.162037 0.063802 0.097222
1 0.503906 0.056713 0.122396 0.113426
0 0.503906 0.162037 0.122396 0.097222
5 0.718099 0.164931 0.305990 0.329861
2 0.788411 0.918981 0.052083 0.162037
1 0.935547 0.364005 0.128906 0.068287
0 0.935547 0.609954 0.128906 0.113426
