0 0.062174 0.470486 0.124349 0.042824
5 0.320964 0.580440 0.393229 0.429398
1 0.162109 0.944444 0.075521 0.111111
2 0.439453 0.029514 0.156250 0.059028
1 0.548503 0.029514 0.061849 0.059028
1 0.753906 0.029514 0.089844 0.059028
1 0.753906 0.106481 0.089844 0.094907
0 0.753906 0.211227 0.089844 0.114583
0 0.855469 0.944444 0.113281 0.111111
0 0.956055 0.029514 0.087891 0.059028
0 0.956055 0.211227 0.087891 0.114583
1 0.956055 0.534144 0.087891 0.084491
0 0.956055 0.865162 0.087891 0.047454
1 0.956055 0.944444 0.087891 0.111111
