0 0.030599 0.111690 0.061198 0.089120
0 0.030599 0.278356 0.061198 0.065972
0 0.030599 0.864583 0.061198 0.104167
1 0.030599 0.958333 0.061198 0.083333
0 0.110677 0.111690 0.098958 0.089120
1 0.110677 0.467014 0.098958 0.038194
1 0.324870 0.033565 0.117188 0.067130
0 0.585286 0.033565 0.058594 0.067130
1 0.585286 0.156250 0.058594 0.178241
0 0.860026 0.414931 0.095052 0.065972
2 0.953776 0.111690 0.092448 0.089120
0 0.953776 0.233796 0.092448 0.155093
0 0.953776 0.346644 0.092448 0.070602
0 0.953776 0.414931 0.092448 0.065972
2 0.953776 0.586806 0.092448 0.104167
1 0.953776 0.673032 0.092448 0.068287
1 0.953776 0.864583 0.092448 0.104167
