0 0.057617 0.149306 0.115234 0.083333
0 0.057617 0.242477 0.115234 0.103009
2 0.057617 0.331019 0.115234 0.074074
1 0.057617 0.866319 0.115234 0.061343
0 0.145833 0.242477 0.061198 0.103009
1 0.212891 0.242477 0.072917 0.103009
1 0.212891 0.948495 0.072917 0.103009
1 0.390951 0.948495 0.070964 0.103009
0 0.478841 0.033565 0.104818 0.067130
0 0.630208 0.033565 0.075521 0.067130
1 0.630208 0.948495 0.075521 0.103009
1 0.928060 0.331019 0.143880 0.074074
1 0.928060 0.686921 0.143880 0.077546
0 0.928060 0.866319 0.143880 0.061343
