1 0.042969 0.032407 0.085938 0.064815
1 0.042969 0.112847 0.085938 0.096065
0 0.042969 0.237269 0.085938 0.048611
0 0.107747 0.289352 0.215495 0.055556
1 0.243815 0.372685 0.056641 0.111111
1 0.243815 0.943866 0.056641 0.112269
1 0.323568 0.372685 0.102865 0.111111
0 0.323568 0.943866 0.102865 0.112269
0 0.404948 0.372685 0.059896 0.111111
2 0.404948 0.792245 0.059896 0.100694
0 0.404948 0.865162 0.059896 0.045139
1 0.478516 0.943866 0.087240 0.112269
0 0.699219 0.943866 0.119792 0.112269
1 0.808919 0.943866 0.099609 0.112269
0 0.929362 0.237269 0.141276 0.048611
1 0.929362 0.344907 0.141276 0.166667
