0 0.123047 0.042245 0.246094 0.084491
0 0.061198 0.603009 0.122396 0.034722
1 0.061198 0.875000 0.122396 0.050926
1 0.184245 0.875000 0.123698 0.050926
4 0.513997 0.699653 0.535807 0.401620
1 0.401367 0.042245 0.112630 0.084491
2 0.351888 0.112269 0.211589 0.055556
1 0.503906 0.042245 0.092448 0.084491
1 0.580404 0.950231 0.060547 0.099537
0 0.668294 0.950231 0.115234 0.099537
0 0.825195 0.042245 0.086589 0.084491
0 0.934245 0.170718 0.131510 0.061343
2 0.934245 0.291667 0.131510 0.067130
1 0.934245 0.422454 0.131510 0.078704
0 0.934245 0.803241 0.131510 0.092593
