2 0.041992 0.054398 0.083984 0.108796
0 0.041992 0.575810 0.083984 0.109954
0 0.041992 0.654514 0.083984 0.047454
0 0.041992 0.797454 0.083984 0.092593
1 0.041992 0.921875 0.083984 0.156250
0 0.132487 0.654514 0.097005 0.047454
0 0.132487 0.760995 0.097005 0.165509
0 0.239909 0.654514 0.117839 0.047454
1 0.338216 0.236690 0.078776 0.089120
5 0.479492 0.456019 0.361328 0.349537
2 0.429362 0.921875 0.103516 0.156250
0 0.818685 0.921875 0.078776 0.156250
0 0.929036 0.236690 0.141927 0.089120
0 0.929036 0.476273 0.141927 0.089120
