1 0.030599 0.106481 0.061198 0.104167
0 0.030599 0.572338 0.061198 0.089120
0 0.030599 0.642361 0.061198 0.050926
1 0.030599 0.938657 0.061198 0.122685
0 0.101237 0.106481 0.080078 0.104167
2 0.101237 0.642361 0.080078 0.050926
1 0.185221 0.379051 0.087891 0.216435
1 0.185221 0.507523 0.087891 0.040509
1 0.266927 0.938657 0.075521 0.122685
2 0.334310 0.323495 0.059245 0.105324
0 0.361328 0.027199 0.113281 0.054398
2 0.390951 0.214699 0.054036 0.112269
3 0.681966 0.526042 0.636068 0.510417
1 0.906901 0.027199 0.186198 0.054398
