0 0.029297 0.051505 0.058594 0.103009
2 0.029297 0.122685 0.058594 0.039352
2 0.104167 0.937500 0.091146 0.125000
1 0.195964 0.937500 0.092448 0.125000
0 0.375000 0.051505 0.076823 0.103009
2 0.435872 0.122685 0.198568 0.039352
0 0.375000 0.190972 0.076823 0.097222
0 0.474284 0.937500 0.121745 0.125000
2 0.561198 0.051505 0.052083 0.103009
0 0.561198 0.122685 0.052083 0.039352
1 0.628906 0.122685 0.083333 0.039352
0 0.724284 0.122685 0.107422 0.039352
1 0.932617 0.227431 0.134766 0.170139
0 0.932617 0.937500 0.134766 0.125000
