0 0.031901 0.251736 0.063802 0.049769
1 0.031901 0.369213 0.063802 0.037037
2 0.122721 0.035880 0.117839 0.071759
0 0.122721 0.369213 0.117839 0.037037
2 0.122721 0.947917 0.117839 0.104167
2 0.236979 0.369213 0.110677 0.037037
5 0.388997 0.587963 0.414714 0.196759
0 0.353190 0.035880 0.121745 0.071759
0 0.353190 0.093750 0.121745 0.043981
1 0.353190 0.947917 0.121745 0.104167
1 0.505208 0.035880 0.182292 0.071759
1 0.630534 0.035880 0.068359 0.071759
1 0.935872 0.524884 0.128255 0.070602
0 0.935872 0.579282 0.128255 0.038194
0 0.935872 0.716435 0.128255 0.060185
