0 0.058594 0.100694 0.117188 0.069444
1 0.058594 0.344907 0.117188 0.039352
0 0.058594 0.418403 0.117188 0.107639
1 0.058594 0.706597 0.117188 0.040509
1 0.058594 0.762731 0.117188 0.071759
5 0.359701 0.425347 0.485026 0.380787
1 0.154297 0.762731 0.074219 0.071759
1 0.254232 0.978009 0.125651 0.043981
0 0.481120 0.978009 0.106771 0.043981
0 0.568359 0.185185 0.067708 0.099537
1 0.642578 0.978009 0.080729 0.043981
2 0.735026 0.978009 0.104167 0.043981
2 0.847982 0.032986 0.121745 0.065972
0 0.954427 0.344907 0.091146 0.039352
1 0.954427 0.496528 0.091146 0.048611
2 0.954427 0.568287 0.091146 0.094907
