1 0.055339 0.039352 0.110677 0.078704
0 0.055339 0.109375 0.110677 0.061343
1 0.055339 0.719907 0.110677 0.053241
2 0.144857 0.039352 0.068359 0.078704
1 0.144857 0.528356 0.068359 0.163194
2 0.187174 0.948495 0.152995 0.103009
1 0.221354 0.039352 0.084635 0.078704
1 0.221354 0.478588 0.084635 0.063657
0 0.325846 0.039352 0.124349 0.078704
0 0.417318 0.457755 0.058594 0.105324
5 0.641602 0.549190 0.389974 0.288194
0 0.918294 0.168981 0.163411 0.057870
0 0.918294 0.218750 0.163411 0.041667
1 0.918294 0.276042 0.163411 0.072917
1 0.918294 0.358796 0.163411 0.092593
1 0.918294 0.780093 0.163411 0.067130
