0 0.046875 0.025463 0.093750 0.050926
2 0.085286 0.184028 0.170573 0.057870
1 0.046875 0.366319 0.093750 0.109954
0 0.046875 0.456597 0.093750 0.070602
1 0.046875 0.874421 0.093750 0.040509
0 0.046875 0.947338 0.093750 0.105324
1 0.132161 0.025463 0.076823 0.050926
4 0.325195 0.612847 0.309245 0.383102
0 0.215495 0.947338 0.089844 0.105324
1 0.287760 0.025463 0.054688 0.050926
0 0.893555 0.025463 0.212891 0.050926
1 0.944987 0.184028 0.110026 0.057870
2 0.944987 0.262153 0.110026 0.098380
1 0.944987 0.539931 0.110026 0.096065
1 0.944987 0.645255 0.110026 0.114583
