0 0.058919 0.097801 0.117839 0.084491
2 0.058919 0.189815 0.117839 0.099537
2 0.058919 0.317130 0.117839 0.048611
0 0.058919 0.586227 0.117839 0.098380
4 0.459310 0.278935 0.419922 0.277778
0 0.293620 0.932292 0.088542 0.135417
1 0.592448 0.027778 0.153646 0.055556
2 0.550781 0.791667 0.070312 0.145833
0 0.732096 0.932292 0.125651 0.135417
2 0.934896 0.097801 0.130208 0.084491
0 0.934896 0.266204 0.130208 0.053241
1 0.934896 0.711227 0.130208 0.151620
2 0.934896 0.825810 0.130208 0.077546
1 0.934896 0.932292 0.130208 0.135417
